import model
import sys

n_restaurants = 10
n_trucks = 6

locations = list(range(0, n_restaurants + 1))
restaurants = list(range(1, n_restaurants + 1))

cap = 300
cap_small = 280
cap_large = 350

fix = 355
fix_small = 300
fix_large = 420

var_min = 3
var_km = 12

unit_penalty = 100
minute_penalty = 5

# The start time is 5pm.
# You may translate this. 
start = 5

xcoor = [0, 1, -5, 4, 2, -2, -4, -7, 4, -2, 8]
ycoor = [0, 2, -2, 5, -10, 3, 5, -1, -7, -9, -5]

t = [
    [0, 15, 30, 42, 71, 21, 36, 35, 54, 66, 58],
    [15, 0, 42, 29, 83, 17, 30, 43, 64, 81, 60],
    [30, 42, 0, 66, 64, 37, 47, 16, 55, 55, 73],
    [42, 29, 66, 0, 101, 38, 40, 66, 77, 101, 69],
    [71, 83, 64, 101, 0, 87, 101, 81, 25, 24, 50],
    [21, 17, 37, 38, 87, 0, 16, 32, 70, 82, 71],
    [36, 30, 47, 40, 101, 16, 0, 36, 86, 95, 87],
    [35, 43, 16, 66, 81, 32, 36, 0, 68, 68, 81],
    [54, 64, 55, 77, 25, 70, 86, 68, 0, 38, 32],
    [66, 81, 55, 101, 24, 82, 95, 68, 38, 0, 66],
    [58, 60, 73, 69, 50, 71, 87, 81, 32, 66, 0],
]

d = [
    [0, 13, 31, 40, 74, 18, 35, 35, 55, 71, 58],
    [13, 0, 42, 27, 85, 15, 29, 44, 65, 84, 62],
    [31, 42, 0, 69, 67, 36, 48, 16, 58, 55, 74],
    [40, 27, 69, 0, 105, 37, 40, 69, 83, 108, 70],
    [74, 85, 67, 105, 0, 90, 107, 83, 25, 23, 53],
    [18, 15, 36, 37, 90, 0, 17, 32, 73, 85, 75],
    [35, 29, 48, 40, 107, 17, 0, 39, 89, 100, 90],
    [35, 44, 16, 69, 83, 32, 39, 0, 73, 70, 87],
    [55, 65, 58, 83, 25, 73, 89, 73, 0, 38, 31],
    [71, 84, 55, 108, 23, 85, 100, 70, 38, 0, 69],
    [58, 62, 74, 70, 53, 75, 90, 87, 31, 69, 0],
]

dem = [156, 131, 112, 116, 162, 151, 102, 183, 105, 128]

model.cheese_delivery(
    restaurants,
    locations,
    n_trucks,
    cap,
    cap_small,
    cap_large,
    fix,
    fix_small,
    fix_large,
    var_min,
    var_km,
    unit_penalty,
    minute_penalty,
    start,
    xcoor,
    ycoor,
    t,
    d,
    dem=dict(zip(restaurants, dem)),
    exercise="bern"
)

