import model
import sys

n_restaurants = 25
n_trucks = 4

locations = list(range(0, n_restaurants + 1))
restaurants = list(range(1, n_restaurants + 1))

cap = 750
cap_small = 700
cap_large = 810

fix = 710
fix_small = 680
fix_large = 800

var_min = 3
var_km = 12

unit_penalty = 95
minute_penalty = 3

# The start time is 4:15pm.
# You may translate this.
start = 4.25

xcoor = [0, 1, -5, 4, 2, -2, -4, -7, 4, -2, 8, 8, 6, -1, -2, -6, 5, 4, -7, -6, -5, 6, 2, -8, -6, -9]
ycoor = [0, 2, -2, 5, -10, 3, 5, -1, -7, -9, -5, 3, 7, -1, -3, 3, -1, -2, 6, 7, 8, -9, -6, -8, -5, -7]

t = [
    [0, 15, 30, 42, 71, 21, 36, 35, 54, 66, 58, 51, 55, 11, 22, 37, 26, 21, 48, 47, 46, 63, 41, 64, 45, 65],
    [15, 0, 42, 29, 83, 17, 30, 43, 64, 81, 60, 41, 43, 25, 32, 38, 30, 26, 46, 43, 36, 70, 49, 78, 61, 76],
    [30, 42, 0, 66, 64, 37, 47, 16, 55, 55, 73, 79, 82, 19, 16, 37, 54, 46, 51, 58, 55, 68, 41, 39, 19, 40],
    [42, 29, 66, 0, 101, 38, 40, 66, 77, 101, 69, 30, 19, 47, 55, 51, 38, 43, 60, 53, 43, 84, 71, 102, 84, 102],
    [71, 83, 64, 101, 0, 87, 101, 81, 25, 24, 50, 94, 116, 64, 59, 97, 65, 61, 113, 112, 111, 25, 32, 56, 55, 64],
    [21, 17, 37, 38, 87, 0, 16, 32, 70, 82, 71, 55, 51, 22, 32, 24, 44, 36, 32, 31, 30, 80, 58, 71, 56, 71],
    [36, 30, 47, 40, 101, 16, 0, 36, 86, 95, 87, 63, 51, 40, 42, 18, 57, 55, 23, 17, 10, 99, 71, 82, 64, 78],
    [35, 43, 16, 66, 81, 32, 36, 0, 68, 68, 81, 83, 80, 27, 27, 27, 58, 53, 38, 44, 47, 82, 55, 48, 32, 42],
    [54, 64, 55, 77, 25, 70, 86, 68, 0, 38, 32, 71, 92, 52, 50, 81, 42, 40, 99, 99, 94, 17, 19, 63, 50, 69],
    [66, 81, 55, 101, 24, 82, 95, 68, 38, 0, 66, 103, 120, 60, 55, 87, 71, 63, 102, 106, 105, 46, 37, 38, 38, 44],
    [58, 60, 73, 69, 50, 71, 87, 81, 32, 66, 0, 49, 78, 57, 61, 90, 34, 35, 102, 99, 93, 28, 40, 87, 74, 94],
    [51, 41, 79, 30, 94, 55, 63, 83, 71, 103, 49, 0, 30, 61, 64, 73, 30, 41, 84, 76, 68, 78, 70, 111, 94, 113],
    [55, 43, 82, 19, 116, 51, 51, 80, 92, 120, 78, 30, 0, 64, 73, 67, 49, 59, 70, 58, 49, 97, 85, 119, 102, 117],
    [11, 25, 19, 47, 64, 22, 40, 27, 52, 60, 57, 61, 64, 0, 9, 37, 33, 30, 53, 52, 47, 62, 34, 55, 37, 56],
    [22, 32, 16, 55, 59, 32, 42, 27, 50, 55, 61, 64, 73, 9, 0, 39, 40, 31, 56, 54, 54, 60, 33, 46, 31, 51],
    [37, 38, 37, 51, 97, 24, 18, 27, 81, 87, 90, 73, 67, 37, 39, 0, 59, 54, 16, 23, 22, 95, 68, 71, 55, 65],
    [26, 30, 54, 38, 65, 44, 57, 58, 42, 71, 34, 30, 49, 33, 40, 59, 0, 11, 75, 70, 61, 51, 41, 83, 65, 86],
    [21, 26, 46, 43, 61, 36, 55, 53, 40, 63, 35, 41, 59, 30, 31, 54, 11, 0, 69, 66, 62, 49, 34, 74, 56, 73],
    [48, 46, 51, 60, 113, 32, 23, 38, 99, 102, 102, 84, 70, 53, 56, 16, 75, 69, 0, 12, 19, 113, 83, 85, 68, 79],
    [47, 43, 58, 53, 112, 31, 17, 44, 99, 106, 99, 76, 58, 52, 54, 23, 70, 66, 12, 0, 14, 109, 82, 87, 73, 83],
    [46, 36, 55, 43, 111, 30, 10, 47, 94, 105, 93, 68, 49, 47, 54, 22, 61, 62, 19, 14, 0, 108, 82, 91, 75, 86],
    [63, 70, 68, 84, 25, 80, 99, 82, 17, 46, 28, 78, 97, 62, 60, 95, 51, 49, 113, 109, 108, 0, 33, 76, 65, 80],
    [41, 49, 41, 71, 32, 58, 71, 55, 19, 37, 40, 70, 85, 34, 33, 68, 41, 34, 83, 82, 82, 33, 0, 50, 38, 57],
    [64, 78, 39, 102, 56, 71, 82, 48, 63, 38, 87, 111, 119, 55, 46, 71, 83, 74, 85, 87, 91, 76, 50, 0, 20, 11],
    [45, 61, 19, 84, 55, 56, 64, 32, 50, 38, 74, 94, 102, 37, 31, 55, 65, 56, 68, 73, 75, 65, 38, 20, 0, 22],
    [65, 76, 40, 102, 64, 71, 78, 42, 69, 44, 94, 113, 117, 56, 51, 65, 86, 73, 79, 83, 86, 80, 57, 11, 22, 0],
]

d = [
    [0, 13, 31, 40, 74, 18, 35, 35, 55, 71, 58, 52, 58, 11, 19, 36, 28, 22, 51, 50, 45, 67, 41, 68, 48, 69],
    [13, 0, 42, 27, 85, 15, 29, 44, 65, 84, 62, 43, 45, 24, 33, 36, 29, 27, 48, 45, 37, 76, 53, 81, 61, 81],
    [31, 42, 0, 69, 67, 36, 48, 16, 58, 55, 74, 82, 87, 20, 13, 38, 54, 46, 54, 58, 58, 72, 40, 39, 21, 39],
    [40, 27, 69, 0, 105, 37, 40, 69, 83, 108, 70, 28, 18, 50, 59, 54, 38, 43, 60, 53, 43, 91, 74, 107, 88, 108],
    [74, 85, 67, 105, 0, 90, 107, 83, 25, 23, 53, 99, 122, 68, 63, 102, 69, 63, 119, 120, 117, 27, 33, 59, 55, 67],
    [18, 15, 36, 37, 90, 0, 17, 32, 73, 85, 75, 58, 54, 23, 30, 21, 43, 39, 34, 32, 27, 85, 58, 75, 56, 74],
    [35, 29, 48, 40, 107, 17, 0, 39, 89, 100, 90, 66, 53, 39, 45, 16, 57, 55, 21, 16, 10, 102, 74, 86, 69, 84],
    [35, 44, 16, 69, 83, 32, 39, 0, 73, 70, 87, 86, 86, 28, 25, 25, 63, 55, 40, 45, 47, 88, 55, 48, 33, 45],
    [55, 65, 58, 83, 25, 73, 89, 73, 0, 38, 31, 74, 98, 52, 49, 88, 45, 40, 104, 104, 100, 15, 18, 65, 54, 73],
    [71, 84, 55, 108, 23, 85, 100, 70, 38, 0, 69, 107, 125, 63, 55, 92, 75, 67, 109, 112, 110, 47, 35, 37, 38, 46],
    [58, 62, 74, 70, 53, 75, 90, 87, 31, 69, 0, 53, 81, 60, 63, 94, 34, 36, 109, 106, 99, 28, 41, 92, 78, 99],
    [52, 43, 82, 28, 99, 58, 66, 86, 74, 107, 53, 0, 31, 61, 69, 78, 32, 41, 86, 80, 70, 79, 72, 116, 97, 119],
    [58, 45, 87, 18, 122, 54, 53, 86, 98, 125, 81, 31, 0, 68, 77, 68, 53, 59, 71, 63, 53, 105, 91, 125, 106, 126],
    [11, 24, 20, 50, 68, 23, 39, 28, 52, 63, 60, 61, 68, 0, 9, 36, 35, 28, 52, 53, 49, 66, 36, 57, 38, 58],
    [19, 33, 13, 59, 63, 30, 45, 25, 49, 55, 63, 69, 77, 9, 0, 39, 41, 33, 56, 58, 56, 64, 32, 48, 29, 50],
    [36, 36, 38, 54, 102, 21, 16, 25, 88, 92, 94, 78, 68, 36, 39, 0, 63, 58, 17, 20, 22, 101, 71, 74, 58, 70],
    [28, 29, 54, 38, 69, 43, 57, 63, 45, 75, 34, 32, 53, 35, 41, 63, 0, 9, 76, 73, 65, 53, 40, 85, 66, 88],
    [22, 27, 46, 43, 63, 39, 55, 55, 40, 67, 36, 41, 59, 28, 33, 58, 9, 0, 73, 71, 64, 50, 33, 76, 57, 79],
    [51, 48, 54, 60, 119, 34, 21, 40, 104, 109, 109, 86, 71, 52, 56, 17, 76, 73, 0, 9, 18, 118, 87, 88, 73, 83],
    [50, 45, 58, 53, 120, 32, 16, 45, 104, 112, 106, 80, 63, 53, 58, 20, 73, 71, 9, 0, 10, 117, 88, 93, 78, 90],
    [45, 37, 58, 43, 117, 27, 10, 47, 100, 110, 99, 70, 53, 49, 56, 22, 65, 64, 18, 10, 0, 112, 85, 95, 78, 93],
    [67, 76, 72, 91, 27, 85, 102, 88, 15, 47, 28, 79, 105, 66, 64, 101, 53, 50, 118, 117, 112, 0, 33, 78, 68, 86],
    [41, 53, 40, 74, 33, 58, 74, 55, 18, 35, 41, 72, 91, 36, 32, 71, 40, 33, 87, 88, 85, 33, 0, 52, 38, 58],
    [68, 81, 39, 107, 59, 75, 86, 48, 65, 37, 92, 116, 125, 57, 48, 74, 85, 76, 88, 93, 95, 78, 52, 0, 20, 9],
    [48, 61, 21, 88, 55, 56, 69, 33, 54, 38, 78, 97, 106, 38, 29, 58, 66, 57, 73, 78, 78, 68, 38, 20, 0, 22],
    [69, 81, 39, 108, 67, 74, 84, 45, 73, 46, 99, 119, 126, 58, 50, 70, 88, 79, 83, 90, 93, 86, 58, 9, 22, 0],
]

dem = [156, 131, 112, 116, 162, 151, 102, 183, 105, 128, 250, 130, 165, 153, 58, 72, 107, 41, 49, 51, 45, 85, 115, 148, 36]

model.cheese_delivery(
    restaurants,
    locations,
    n_trucks,
    cap,
    cap_small,
    cap_large,
    fix,
    fix_small,
    fix_large,
    var_min,
    var_km,
    unit_penalty,
    minute_penalty,
    start,
    xcoor,
    ycoor,
    t,
    d,
    dem=dict(zip(restaurants, dem)),
    exercise="lausanne",
)
